5 8 1 363.828
5 4 2 -4.24769
1 9 1 25.5356
1 5 2 -4.05633
5 12 0 32.0421
1 13 0 59.0892
1 1 3 -2.37121
5 8 0 -3.71991
1 1 2 -11.942
1 9 0 -2.6783
1 5 3 -5.24644
5 12 2 73.7463
5 8 3 -1.34158
1 13 2 113.838
1 9 3 12.5206
1 5 0 -13.7089
5 4 0 -7.21124
1 1 1 -10.0213
5 12 3 55.3328
5 8 2 6.00334
5 4 1 -2.61869
1 13 3 122.847
1 1 0 -11.232
1 9 2 9.58278
1 5 1 1.13341
5 11 1 75.371
1 10 1 44.226
1 6 2 -0.6133
5 15 0 198.196
5 3 3 -7.54501
1 14 0 117.147
1 2 3 -14.4682
5 11 0 4.2993
5 3 2 -2.09737
1 2 2 -11.038
1 10 0 3.96912
1 6 3 -13.4198
5 15 2 598.4
5 11 3 35.5609
1 14 2 137.027
1 10 3 20.8508
1 6 0 -10.6972
5 3 1 -5.64052
1 2 1 -1.71518
5 15 3 356.726
5 11 2 37.8016
5 3 0 -2.74555
1 14 3 138.248
1 2 0 -10.243
1 10 2 21.876
1 6 1 3.55569
2 1 0 -13.592
2 1 1 -2.22368
2 1 2 -13.1823
2 1 3 -3.50961
2 2 0 -6.1973
2 2 1 -11.3654
2 2 2 -2.02911
2 2 3 -10.5751
3 2 0 -14.5598
3 2 1 -16.8848
3 2 2 -2.40647
3 2 3 -7.28411
3 1 0 -12.9263
3 1 1 -3.12428
3 1 2 -12.0912
3 1 3 -13.1943
5 14 3 141.134
5 10 2 19.1142
5 2 0 -9.39203
1 15 3 598.4
1 3 0 -12.3079
1 11 2 42.7809
1 7 1 7.59282
5 14 2 209.962
5 10 3 10.9211
1 15 2 314.908
1 11 3 28.5591
1 7 0 -9.55072
5 2 1 -8.4822
1 3 1 -8.19197
5 10 0 2.93314
5 2 2 -5.46758
1 3 2 -3.60173
1 11 0 12.634
1 7 3 -3.29092
5 10 1 44.2101
1 11 1 75.3767
1 7 2 1.53214
5 14 0 115.56
5 2 3 -11.3731
1 15 0 184.753
1 3 3 -11.3829
5 13 2 119.976
5 9 3 4.84877
1 8 3 6.09933
1 12 2 73.6688
5 1 1 -9.80502
1 4 0 -11.7216
5 13 3 125.677
5 9 2 10.2894
5 1 0 -2.72958
1 4 1 -0.319952
1 8 2 6.22964
1 12 3 70.1579
5 13 0 63.9974
5 1 3 -10.4934
1 12 0 30.7068
5 9 1 25.5041
1 4 2 -13.9104
1 8 1 14.3214
5 13 1 206.824
1 4 3 -3.40761
1 12 1 127.294
5 9 0 16.2409
5 1 2 -2.82646
1 8 0 -7.35919
5 12 1 127.293
5 4 3 -0.666451
1 13 1 213.824
5 15 1 317.593
1 14 1 358.04
5 14 1 358.04
1 15 1 353.782
2 15 0 594.99
2 15 1 417.634
2 15 2 339.226
2 15 3 999
3 15 0 0
3 15 1 0
3 15 2 0
3 15 3 0
4 2 0 -11.7882
4 2 1 -15.488
4 2 2 -10.6784
4 2 3 -8.82797
4 1 0 -12.4444
4 1 1 -11.8264
4 1 2 -12.6966
4 1 3 -9.73516
5 5 0 -7.36283
5 5 1 -10.2049
5 5 2 -11.2738
5 5 3 -11.0086
5 6 0 -9.71827
5 6 1 0.21541
5 6 2 -7.55048
5 6 3 -6.96492
5 7 0 3.17557
5 7 1 356.123
5 7 2 -0.637443
5 7 3 3.97111
4 15 0 594.457
4 15 1 596.761
4 15 2 999
4 15 3 354.552
