17 5 3 -0.305346
1 5 0 -0.431012
13 6 0 -0.5964
5 4 0 -0.818558
1 1 1 -0.652611
17 1 1 -0.345887
13 6 3 -0.358713
5 4 3 -0.805866
17 5 0 -0.301715
1 5 3 -0.45502
1 1 2 -1.10132
13 6 2 -0.375658
5 4 2 -1.15391
1 5 2 -0.98274
17 1 0 -0.5964
1 1 3 -0.669722
1 5 1 8.56806
17 1 3 -0.336498
13 6 1 -0.5964
1 1 0 -1.14838
5 4 1 -0.923201
17 2 0 -0.352872
1 2 3 -0.889243
5 3 3 -0.7981
1 2 2 -0.889243
5 3 2 -0.779354
1 2 1 -0.474503
5 3 1 -0.814469
17 2 3 -0.861655
1 2 0 -0.615141
5 3 0 -0.889243
2 1 0 -0.885457
2 1 1 -0.897013
18 1 3 -0.5964
2 1 2 -0.64772
18 1 2 -0.34171
2 1 3 -0.631196
17 3 3 -0.349036
1 3 0 -0.548612
1 3 1 0.230929
1 3 2 -1.02465
17 3 0 -0.331001
1 3 3 -0.549638
3 1 0 -0.5964
3 1 1 -1.05209
3 1 2 -0.584937
3 1 3 -0.590432
16 4 0 -0.29454
8 2 0 -0.286018
4 1 0 -0.82644
16 4 1 -0.263559
8 2 1 12.6856
4 1 1 -0.816346
16 4 2 -0.51864
8 2 2 -0.3
4 1 2 -0.551777
16 4 3 -0.285904
8 2 3 -0.431806
4 1 3 -0.528705
5 1 0 -0.5964
1 4 1 2.99486
17 4 3 -0.3
5 1 1 -0.539052
1 4 0 -0.483161
5 1 2 -0.488193
17 4 0 -0.31166
1 4 3 -0.813311
17 4 1 -0.317407
5 1 3 -0.344251
1 4 2 -0.582243
14 3 0 -0.369831
6 1 0 -0.5964
14 3 1 -0.370262
6 1 1 -0.5964
14 3 2 -0.5964
6 1 2 -0.444552
14 3 3 -0.5964
6 1 3 0.507664
7 1 0 -0.949116
7 1 1 -0.5964
7 1 2 -0.354264
7 1 3 3.40383
2 3 0 -0.5964
2 3 1 -0.5964
18 3 3 -0.545148
2 3 2 -0.558308
18 3 2 -0.278079
2 3 3 -0.543361
3 3 0 -0.5964
3 3 1 -0.981697
3 3 2 -0.577113
3 3 3 -0.59712
16 2 1 -0.335109
4 3 0 -0.674136
8 4 1 70.1236
16 2 0 -0.335122
4 3 1 -1.21758
8 4 0 -0.10227
4 3 2 -0.649265
4 3 3 -0.706726
6 3 2 -0.810978
6 3 0 -1.01796
6 3 1 -0.809842
6 3 3 -0.889243
14 2 1 -0.380746
6 4 0 -0.811832
2 5 0 -0.5964
14 2 0 -0.820425
6 4 1 -0.80009
2 5 1 -0.5964
18 5 3 -0.5964
6 4 2 -0.810019
2 5 2 -0.365357
18 5 2 -0.305909
6 4 3 -1.11845
2 5 3 -0.335253
5 5 0 -0.842914
5 5 1 -1.00383
5 5 2 -1.21362
5 5 3 -0.833974
10 6 0 -0.354958
6 5 0 -0.789182
10 6 2 -0.3
6 5 2 -0.821472
10 6 1 -0.3
6 5 1 -1.13647
10 6 3 -0.322502
6 5 3 -1.07797
17 6 3 -0.29953
1 6 0 -0.427201
1 6 1 15.1471
1 6 2 -0.787866
17 6 0 -0.308186
1 6 3 -0.819057
1 7 0 -0.350462
1 7 1 -0.592241
1 7 2 -0.5964
1 7 3 23.5763
3 5 0 -0.5964
3 5 1 -0.321621
3 5 2 -0.306814
3 5 3 -0.521128
3 6 0 -0.275708
7 7 0 28.2382
3 6 1 -0.0242013
7 7 1 -0.3
3 6 2 -0.3
7 7 2 -0.03864
3 6 3 -0.3
7 7 3 99.8442
3 7 0 -0.249343
3 7 1 -0.3
3 7 2 -0.223294
3 7 3 45.3936
14 4 0 -0.361756
2 7 0 -0.3
14 4 1 -0.590647
2 7 1 4.90865
14 4 2 -0.356535
2 7 2 -0.265623
14 4 3 -0.575546
2 7 3 34.3135
12 5 0 -0.346371
4 7 0 -0.3
12 5 1 -0.363613
4 7 1 -0.3
12 5 2 -0.737003
4 7 2 -0.144252
12 5 3 -0.555927
4 7 3 58.2099
5 7 0 -0.3
5 7 1 -0.532586
5 7 2 16.2307
5 7 3 77.2116
6 7 3 93.6277
6 7 0 36.2054
6 7 1 -0.3
6 7 2 16.2275
16 5 1 -0.300193
8 7 0 0
16 5 0 -0.283773
8 7 1 0
8 7 2 0
8 7 3 0
8 1 3 -0.326617
16 3 1 -0.314004
12 4 1 -0.354614
8 1 0 -0.5964
16 3 0 -0.327517
12 4 0 -0.5964
8 1 1 10.356
8 1 2 -0.312325
13 4 1 -0.782454
9 1 0 -0.80388
13 4 0 -0.524688
9 1 1 -0.5964
9 1 2 -0.337133
9 1 3 -0.323704
16 1 1 -0.339989
12 2 0 -0.5964
8 3 0 -0.21572
16 1 0 -0.528918
12 2 1 -0.51864
8 3 1 44.5392
12 2 2 -0.5964
8 3 2 -0.53066
12 2 3 -0.372867
8 3 3 -0.3
10 1 0 -0.5964
10 1 1 -0.350604
10 1 2 -0.335097
10 1 3 -0.5964
10 2 0 -0.354458
10 2 1 -0.351167
10 2 2 -0.5964
10 2 3 -0.604936
10 3 0 -0.362476
10 3 1 -0.337602
10 3 2 -0.5964
10 3 3 -0.5964
10 4 0 -0.34891
10 4 1 -0.334671
18 6 3 -0.3
10 4 2 -0.5964
18 6 2 -0.309332
10 4 3 -0.351109
16 2 2 -0.681966
8 4 2 1.39726
16 2 3 -0.32879
8 4 3 1.6709
8 5 0 -0.065688
8 5 1 89.6985
8 5 2 -0.3
8 5 3 17.9785
8 6 0 -0.03
8 6 1 98.9321
8 6 2 0
8 6 3 0
10 5 0 -0.345359
10 5 1 -0.334339
10 5 2 -0.589042
10 5 3 -0.51864
11 4 0 -0.59874
11 4 1 -0.5964
11 4 2 -0.350281
11 4 3 -0.333613
16 3 2 -0.700036
12 4 2 -0.333311
16 3 3 -0.328777
12 4 3 -0.335474
13 4 2 -0.346491
13 4 3 -0.348849
12 6 0 -0.357954
12 6 1 -0.5964
12 6 2 -0.358339
12 6 3 -0.359221
14 2 2 -0.368607
14 2 3 -0.567404
13 2 0 -0.5964
13 2 1 -0.5964
13 2 2 -0.364218
13 2 3 -0.383562
11 6 0 -0.51864
11 6 1 -0.5964
11 6 2 -0.337138
11 6 3 -0.329635
14 6 0 -0.611428
14 6 1 -0.686091
14 6 2 -0.372428
14 6 3 -0.352179
15 6 0 -0.51
15 6 1 -0.3
15 6 2 -0.299479
15 6 3 -0.278085
16 6 0 -0.290139
16 6 1 -0.538039
16 6 2 -0.298684
16 6 3 -0.305763
16 5 2 -0.3
16 5 3 -0.27625
16 1 2 -0.320781
16 1 3 -0.34226
17 6 1 -0.3
17 6 2 -0.309188
17 5 1 -0.304121
17 5 2 -0.307928
17 4 2 -0.335911
17 3 1 -0.328771
17 3 2 -0.305954
17 2 1 -0.319403
17 2 2 -0.333704
17 1 2 -0.341
15 1 0 -0.544994
15 1 1 -0.3
15 1 2 -0.3
15 1 3 -0.313602
18 6 1 -0.3
18 6 0 -0.371107
18 5 0 -0.3
18 5 1 -0.280283
18 3 0 -0.3
18 3 1 -0.3
18 1 0 -0.552959
18 1 1 -0.5964
