33 9 2 18.2587
21 16 1 -16.9665
1 1 2 -16.0323
5 8 0 -18.4257
33 1 0 -9.87199
33 13 3 -5.11682
1 17 2 -15.1019
33 17 0 -7.1735
1 5 3 -12.9057
37 20 1 1657.33
33 1 2 -9.99843
5 12 3 -15.9769
5 8 2 -16.7168
5 4 1 -3.19414
1 1 0 -14.2669
37 20 3 1842.42
1 5 1 14.3779
33 13 2 -6.35851
5 12 0 -16.2847
1 1 3 0.559434
33 5 0 -9.54182
1 5 2 -12.9376
1 17 3 -15.3646
33 9 1 18.1042
21 16 2 -17.0858
5 4 0 -16.9878
1 1 1 -14.3252
33 5 2 -9.82699
1 5 0 -14.9812
38 4 0 -9.84633
34 1 1 -10.5208
2 1 3 1.02873
18 9 0 -7.76423
2 1 2 -16.7214
18 13 0 1.44705
34 13 0 -5.66731
38 12 0 527.576
34 1 3 -10.2934
2 1 1 -9.48763
38 4 3 -10.3376
34 13 1 -6.02528
38 12 1 1211.61
2 1 0 -10.8553
18 13 2 -0.548367
18 9 3 -12.9298
11 3 1 -16.7293
3 1 1 1.4393
19 13 1 8.07338
11 3 3 -15.2964
19 9 2 -7.96046
3 1 3 -12.9394
19 13 3 4.15803
19 1 0 -16.2634
3 13 0 -15.3374
11 15 0 -15.9212
11 3 2 -17.0608
3 1 2 -14.5006
19 13 2 1.96413
11 3 0 -18.2537
3 1 0 -9.11935
19 13 0 66.8024
19 1 3 -16.1513
3 13 3 -16.0006
11 15 3 -15.7114
27 12 1 -15.4851
27 4 3 -15.4982
3 2 1 2.17185
15 5 0 -4.38454
31 5 3 -11.5308
3 10 0 -16.1732
27 12 2 -16.0318
19 10 3 -23.1491
3 2 2 -12.8487
3 10 2 -15.5586
27 12 0 -15.695
19 2 3 -16.3851
3 2 0 -10.9218
3 14 3 -15.5522
15 5 1 79.7209
11 12 3 -16.2988
19 2 0 -15.9132
3 2 3 -12.7465
27 12 3 -15.9325
27 4 1 -16.389
19 10 2 -16.8459
3 14 0 -16.6725
11 12 0 -16.8596
31 5 1 -11.1666
3 3 2 3.03344
11 1 2 -17.6277
19 15 2 -17.2954
19 3 3 -16.8963
3 3 0 -10.0937
27 1 3 -10.4117
11 1 0 -17.417
19 15 0 -17.3872
3 3 1 -14.3228
11 1 1 -16.8191
19 15 1 -16.8771
19 3 0 -16.5272
3 3 3 -15.3894
27 1 0 -10.843
11 1 3 -17.0788
19 15 3 -17.5534
2 3 1 -14.934
2 3 0 -13.932
18 15 2 -16.3908
38 14 1 1325.14
34 15 1 -6.93994
30 20 0 -4.12669
2 3 3 -14.1535
2 3 2 3.96348
1 11 2 -16.6747
1 3 0 -13.953
5 10 2 -16.113
33 11 0 132.327
33 3 2 -10.5786
5 2 0 -17.2053
17 15 0 -17.052
1 7 1 18.497
5 2 1 -18.8672
17 15 1 -16.8041
1 3 1 6.8893
33 11 1 119.133
1 7 0 -7.27526
17 19 2 -15.0975
33 7 2 -10.4654
1 11 0 -15.5127
1 3 2 -14.2029
5 10 0 -16.4482
33 11 2 128.763
33 3 0 -10.1052
5 2 2 -18.6936
17 15 2 -17.3301
1 7 3 -14.2435
5 2 3 -17.6361
17 15 3 -16.8331
1 3 3 -10.4612
33 11 3 565.924
1 7 2 -10.0394
17 19 0 -14.7984
33 7 0 -10.4852
1 12 3 -15.683
5 1 0 -18.2232
1 8 2 -5.48087
1 4 1 11.4674
9 6 1 -11.2599
5 1 2 -18.1224
1 8 0 -12.8848
33 4 1 -9.98072
1 12 1 -15.559
1 4 3 -13.453
9 6 3 59.1806
1 12 0 -16.2213
5 1 3 -16.991
17 12 3 139.53
17 4 1 -16.4418
17 8 2 3.70369
21 9 2 -16.8202
21 1 0 -16.656
21 13 3 185.476
1 8 1 -12.4083
1 4 2 -10.9823
9 6 2 -5.02496
33 4 0 -10.3093
5 1 1 -18.1387
1 4 0 -9.5175
9 6 0 1.3306
33 4 2 -10.5993
1 12 2 -15.704
1 8 3 17.2347
5 3 1 -12.1024
13 1 1 -17.8521
1 6 0 -15.5501
17 18 2 -15.0592
33 6 2 -9.67636
25 4 3 -16.3716
25 12 1 7.62805
33 18 3 -8.59135
29 13 1 141.348
5 3 3 -17.6593
1 6 2 -8.18908
17 18 0 -14.6965
33 6 0 -10.2261
13 9 1 -16.8311
1 10 2 -16.4083
5 3 0 -17.2383
5 11 2 -16.6911
13 1 0 -17.0259
1 6 1 17.0409
9 12 3 -16.4843
13 13 3 -16.6297
13 9 2 -16.3887
29 13 0 369
25 12 0 -15.049
1 10 0 -16.5147
5 3 2 -17.1509
5 11 0 -16.9435
1 6 3 -7.26338
9 12 1 -16.7613
13 13 1 -16.5082
16 2 0 -17.4652
8 4 0 -17.4884
36 11 1 328.232
12 1 1 -17.0655
4 3 1 -16.4625
32 10 1 460.991
12 1 2 -17.7903
4 3 2 -16.7921
32 10 2 221.106
8 8 0 -19.2291
12 9 0 -17.139
36 11 2 153.202
36 3 0 -10.2109
16 2 1 -17.2613
8 4 1 -17.1864
8 8 2 -18.5989
12 9 2 -16.5458
8 12 3 -16.6626
36 11 0 641.857
36 3 2 -9.97234
12 1 0 -16.9783
4 3 0 -17.1171
12 13 3 -16.7644
32 10 0 323.584
12 1 3 -16.5769
4 3 3 -14.2946
12 13 0 -16.0198
32 10 3 198.979
8 12 0 -16.6675
36 11 3 287.379
5 4 3 -18.1057
5 12 1 -16.1624
18 5 2 -16.6552
6 4 3 -18.0754
6 12 1 -16.9422
34 5 1 -10.4436
22 16 3 -16.9248
30 10 1 201.68
18 5 3 -15.7656
6 4 2 -17.2696
6 8 1 -18.0924
22 16 2 -16.9628
34 17 1 -7.72938
38 20 0 1796.29
6 1 0 -17.8227
38 5 3 -9.69764
14 3 0 -18.4062
22 13 2 46.1464
30 11 3 269.879
22 9 3 -16.6174
6 1 1 -18.1235
38 21 2 1863.94
6 1 2 -18.3181
38 21 1 1999.9
22 1 3 -16.3604
14 3 2 -18.1303
22 13 0 35.4554
6 1 3 -16.8905
38 5 0 -10.0839
22 1 2 -16.9465
14 3 3 -16.307
30 11 0 429.327
22 9 0 -17.1433
30 3 2 -11.4628
7 1 1 -18.5776
23 13 1 214.116
7 1 2 -17.7207
23 13 2 73.0569
7 9 0 -17.584
23 9 3 -15.9139
35 20 1 1.28675
23 1 0 -16.193
7 1 3 -16.7689
23 13 3 24.1762
16 15 3 -16.9171
16 3 0 -17.5122
16 11 2 -16.7765
12 4 0 -16.0736
32 11 1 133.414
8 1 1 -16.831
36 10 1 301.081
4 10 2 -16.0755
16 3 1 -16.4572
12 4 1 14.8357
12 12 3 -15.9688
32 11 0 167.782
32 3 2 -11.2042
36 2 2 -10.2868
8 1 0 -17.8151
36 10 0 679.042
24 6 3 -16.834
20 5 3 -15.9225
28 7 3 -17.2077
8 2 3 -17.849
12 3 3 -17.6189
36 9 3 154.863
24 6 0 -16.6382
20 5 0 -16.622
28 7 0 -16.3682
8 2 0 -18.6068
12 3 0 -17.8519
12 11 2 -17.0763
36 9 0 372.581
8 10 2 -17.9743
36 1 2 -10.5598
4 10 0 -16.7222
16 11 1 -13.3119
32 11 2 196.663
32 3 0 -11.208
36 2 0 -10.2307
8 1 2 -17.8122
36 10 2 183.438
23 1 3 -16.4291
7 1 0 -18.0539
23 13 0 37.513
7 9 2 -17.4656
16 15 1 -17.4074
8 1 3 -17.2251
36 10 3 191.214
12 12 0 -16.4859
32 11 3 497.752
24 6 2 -16.5294
20 5 2 -16.3458
28 7 2 -17.2531
8 2 2 -18.0093
12 3 2 -18.0249
12 11 0 -17.4115
36 9 2 723.708
8 10 0 -17.4444
36 13 3 -6.21625
36 1 0 -10.9606
24 6 1 -16.1049
20 5 1 -17.2122
28 7 1 -17.1025
8 2 1 -16.8454
12 3 1 -13.6039
36 9 1 378.112
16 1 0 -18.2476
8 3 1 -16.9092
16 1 1 -17.5348
4 8 2 -14.3152
32 1 2 -9.58703
8 3 0 -18.2054
9 3 0 -17.1597
13 10 2 -16.8257
29 14 0 356.451
25 15 0 105.426
9 3 1 -17.5519
29 14 1 197.95
25 15 1 55.9157
9 3 2 -17.6078
13 10 0 -16.7292
29 14 2 76.348
25 15 2 97.6255
25 11 3 -15.2908
9 3 3 -16.1989
29 14 3 77.3901
25 15 3 283.121
25 3 0 -16.0202
25 11 2 -16.2408
8 3 3 -16.1509
10 3 1 -16.4125
26 11 3 -15.1459
10 3 0 -16.9431
10 15 3 -15.4962
26 15 2 82.7003
30 22 0 -3.8516
10 2 2 -17.9045
10 10 0 -16.5351
26 14 0 80.1855
26 3 3 -16.8173
10 3 2 -17.2208
26 15 0 290.543
30 22 2 -4.11734
26 3 2 -16.566
26 11 0 -15.6629
10 3 3 -15.5565
10 2 1 -18.0566
26 10 3 -16.0495
10 10 2 -17.446
10 2 0 -16.7913
10 14 3 -16.1126
26 14 2 133.641
26 10 0 -15.2963
10 2 3 -17.4756
10 1 2 -17.9214
10 9 0 -16.6868
6 22 3 -15.4867
26 9 3 -15.7236
10 9 2 -17.607
10 1 0 -17.7621
10 1 1 -18.0238
26 9 0 -16.9774
6 22 2 -15.0807
10 1 3 -16.6231
16 2 2 -17.7052
8 4 2 -17.4295
8 8 1 -19.5274
12 9 1 -16.7228
36 3 1 -9.70212
7 4 0 -18.0877
15 6 0 -5.99099
35 21 2 4.07025
23 16 2 -16.6362
31 18 2 -5.04013
7 4 1 -18.1942
7 8 2 -18.636
15 6 1 82.5168
7 12 3 -16.4813
35 5 3 -11.543
7 4 2 -17.7018
7 8 1 -17.9122
15 6 2 -4.93698
35 21 0 156.17
7 16 3 -15.3079
23 16 0 -16.9095
31 18 0 -4.76203
7 4 3 -17.5052
15 6 3 7.52839
7 12 1 -16.877
35 5 1 -11.14
6 4 0 -17.9666
18 21 1 -14.9872
22 16 0 -17.4617
38 20 2 1513.59
6 4 1 -17.9092
6 8 2 -18.6573
6 12 3 -16.0608
18 21 0 -15.1701
34 5 3 -10.354
22 16 1 -17.6906
34 17 2 -7.13922
14 2 0 -17.6487
30 10 3 454.552
5 4 2 -15.5902
5 8 1 -17.4777
33 1 1 -10.5369
21 16 0 -16.8266
5 5 2 -10.8489
12 7 0 -18.9795
28 3 0 -11.4772
20 1 0 -17.0139
4 5 0 1.41256
28 15 3 29.3645
20 1 1 -16.8711
4 5 1 -9.26716
12 7 1 -18.169
28 3 1 -11.9035
20 1 2 -16.6579
4 5 2 -10.7688
12 7 2 -17.1153
28 3 2 -12.1198
12 7 3 -19.362
28 3 3 -11.3614
20 1 3 -16.4059
4 5 3 30.5246
28 15 0 136.696
3 5 1 -1.32271
11 7 1 -17.1102
15 14 3 -17.218
19 21 2 -14.9629
31 14 0 -5.64929
19 5 3 -16.231
3 5 0 -10.7764
11 7 0 -17.7852
31 14 1 -3.48439
3 17 3 -15.0173
3 5 2 -10.815
11 7 2 -16.4339
19 21 1 -15.6194
3 17 2 -15.2463
19 5 0 -16.6455
3 5 3 27.7879
11 7 3 -18.1311
15 14 1 -16.8537
5 5 1 34.4409
5 6 1 0.168952
13 8 2 -16.695
25 1 3 -17.0906
25 13 0 -11.3067
29 12 0 265.42
5 6 0 -11.4851
21 6 3 -16.264
29 12 1 160.896
37 18 3 966.739
25 13 1 6.20272
5 6 2 -13.0456
13 8 1 -16.8005
5 6 3 38.7661
6 6 0 -4.61532
10 5 0 23.3934
26 17 0 -17.1089
38 22 2 0
6 6 1 -1.09107
10 5 1 -0.592056
26 17 1 -16.925
6 6 2 -10.2756
10 5 2 -10.3906
26 17 2 -16.5457
38 22 0 0
6 6 3 43.2314
10 5 3 68.7498
26 17 3 -17.1553
23 6 3 -16.3374
7 6 0 -0.812274
3 7 0 20.965
11 5 0 -2.97276
19 7 3 -18.1647
31 4 3 -11.3056
3 7 1 -13.4175
11 5 1 11.8923
7 6 1 1.41537
15 8 2 -9.0862
31 4 0 -11.547
19 7 0 -18.5525
11 5 3 70.6866
3 7 3 -8.99629
7 6 3 48.1329
23 6 0 -16.0271
8 6 0 -10.0802
8 6 1 -8.21273
8 6 2 3.06398
8 6 3 53.5496
11 5 2 3.64801
3 7 2 -13.7004
7 6 2 -5.24686
15 8 1 -16.8299
37 17 3 1011.35
5 5 0 -12.7886
37 17 0 997.164
5 5 3 1.65776
3 6 1 -3.31425
3 6 0 22.6266
23 7 3 -16.1094
3 6 2 3.60782
3 6 3 -1.56709
23 7 0 -16.5961
27 14 2 123.016
19 16 1 -17.3383
19 8 3 -17.3451
3 8 0 22.7318
27 10 3 -16.9073
19 12 2 19.008
15 19 3 -14.6124
19 16 0 -17.082
3 16 3 -15.7393
15 7 2 -6.88887
3 8 1 -11.3515
27 14 0 137.898
15 7 1 -7.81745
3 8 2 -14.7664
19 12 0 12.0317
3 12 3 -15.9439
19 8 0 -16.9219
3 8 3 -14.3067
27 10 0 -16.0651
3 12 2 -15.3944
38 13 2 607.111
10 6 2 -9.4192
2 8 1 -13.3152
18 12 1 10.056
26 6 3 -16.473
38 9 3 384.948
30 7 3 -16.773
38 9 1 877.335
30 7 1 -16.5129
2 8 3 17.8816
18 12 3 156.157
26 6 1 -15.8723
2 12 2 -15.7323
2 8 0 -10.8503
18 12 0 12.61
38 13 1 1260.65
10 6 1 -14.2994
2 8 2 -5.99666
18 12 2 11.7873
2 12 3 -15.3861
8 3 2 -17.559
32 13 3 -5.00218
32 1 0 -10.196
4 8 0 -16.1689
32 1 1 -10.335
4 8 1 -16.2843
16 1 2 -17.8165
32 13 0 -6.87774
32 1 3 -10.0517
4 8 3 -17.6776
33 13 0 -5.09418
33 1 3 -10.0016
5 12 2 -16.4135
5 8 3 -17.8549
18 21 2 -14.764
6 8 0 -18.078
30 10 2 183.623
34 5 2 -10.5639
6 12 2 -16.5416
6 8 3 -18.0424
18 5 1 -16.5251
35 5 2 -10.3356
7 12 2 -16.2328
7 8 3 -18.239
23 9 0 -16.0376
7 9 3 -18.2223
23 1 2 -16.225
35 20 0 2.95683
7 9 1 -17.9516
7 10 1 -18.5614
7 10 3 -17.8142
35 19 3 813.212
23 2 2 -16.3861
12 11 1 -16.7363
36 1 1 -10.9405
8 10 1 -18.279
12 11 3 -16.8178
36 1 3 -11.0926
36 13 0 -6.46707
8 10 3 -17.1584
13 11 1 -16.7123
9 10 1 -17.2028
13 11 0 -16.8509
9 10 0 -17.9336
13 11 2 -16.9911
9 10 2 -17.226
13 11 3 -17.2231
9 10 3 -16.7768
23 14 2 34.3922
7 10 0 -18.2416
35 7 3 846.866
23 14 0 37.5963
7 14 3 -15.8198
7 10 2 -18.576
35 19 2 10.0838
23 2 3 -16.415
31 18 1 -5.604
23 16 1 -12.7499
35 21 1 -2.34996
7 8 0 -17.8432
26 14 1 94.203
10 10 1 -17.1798
26 14 3 291.56
10 14 2 -15.769
10 10 3 -18.3794
26 10 2 -15.3676
10 9 1 -16.6321
6 22 0 -15.2769
10 9 3 -17.783
26 9 2 -15.6637
10 8 1 -17.5518
26 4 3 -16.0065
26 12 1 -16.1618
12 13 2 -15.9057
36 3 3 -9.68279
8 12 2 -16.8898
12 9 3 -16.2937
8 8 3 -19.879
12 13 1 -16.6802
8 12 1 -16.5138
8 4 3 -17.1513
16 2 3 -17.9333
36 2 1 -9.79402
32 3 1 -11.1234
12 4 2 -13.7751
16 11 0 -15.792
16 3 2 -17.1641
4 10 1 -16.7825
16 15 0 -17.6442
12 12 1 -16.0089
12 4 3 -14.0044
16 3 3 -15.6842
12 5 1 -0.135038
20 3 1 -17.2553
36 19 3 1521.71
12 5 0 -7.99271
20 3 0 -16.402
12 5 2 8.66105
20 3 2 -16.0621
36 19 0 708.244
12 5 3 70.0853
20 3 3 -16.6425
13 5 0 -9.76699
13 5 1 25.8248
13 5 2 -5.30806
13 5 3 69.8
30 17 1 -5.13318
34 14 1 -6.62085
38 15 1 1399.75
14 5 1 -6.09876
2 14 3 -15.5173
30 17 0 -4.36011
34 14 0 -5.76102
38 15 0 1027.31
14 5 0 7.37452
30 17 3 -4.74107
34 14 3 -6.08466
38 15 3 558.099
14 5 3 73.6611
2 14 1 -15.6364
31 5 0 -10.9691
11 12 1 -16.4189
15 5 3 -8.36853
3 14 1 -15.6815
15 5 2 4.49421
27 14 1 72.5857
19 16 2 -17.086
15 7 0 5.56296
19 12 1 18.7221
15 7 3 84.2844
3 12 1 -15.1516
30 17 2 -5.34864
34 14 2 -6.18853
38 15 2 719.187
14 5 2 36.5377
38 1 3 -11.7393
38 13 0 794.279
10 6 0 64.5243
38 9 2 624.633
30 7 2 -16.8713
38 1 0 -11.4708
38 13 3 909.421
10 6 3 0.907262
26 6 2 -16.6945
2 12 1 -15.6598
10 7 0 -13.6724
10 7 1 -17.3683
10 7 2 -17.8964
26 7 3 -15.9923
30 6 3 -17.1849
10 7 3 -17.3852
26 7 2 -15.8208
30 6 2 -16.8825
10 8 0 -15.9822
26 12 0 -15.7349
10 12 3 -17.141
10 8 2 -17.42
26 8 3 -16.7495
26 12 2 -15.6185
10 12 2 -16.7762
10 8 3 -17.7663
26 4 1 -15.9195
26 8 2 -17.0157
26 12 3 -15.7036
13 7 2 -18.7551
13 7 3 -20.7001
13 7 1 -18.3659
13 8 3 -17.1414
13 13 2 -17.0118
9 12 2 -16.3048
13 9 3 -16.7247
25 11 0 -15.061
25 3 2 -16.0753
13 10 3 -17.0628
13 10 1 -17.2003
25 12 2 -13.6944
29 13 2 81.2657
13 9 0 -16.8515
33 6 1 -10.4113
17 18 1 -15.2149
13 1 2 -17.3417
25 13 2 17.9644
29 12 2 132.41
29 8 3 -17.361
13 8 0 -19.537
13 7 0 -18.5713
36 2 3 -10.2508
32 3 3 -10.4818
12 12 2 -16.5553
4 10 3 -16.4342
11 12 2 -16.9399
3 14 2 -15.114
10 12 1 -16.7835
26 4 2 -15.6904
26 8 1 -14.7482
10 12 0 -16.9733
26 8 0 -16.3751
29 13 3 249.638
33 18 1 -7.62466
25 12 3 -15.8953
25 4 1 -16.2336
13 13 0 -16.4363
9 12 0 -16.3864
13 1 3 -16.7164
35 5 0 -11.4785
7 12 0 -16.9023
30 10 0 193.847
14 2 3 -18.0464
34 5 0 -10.7771
18 21 3 -15.0424
6 12 0 -16.4904
5 11 1 -16.6509
1 10 1 -15.5508
5 11 3 -16.516
1 10 3 -16.4328
33 3 1 -10.348
5 10 1 -16.2131
1 11 1 -15.5026
33 3 3 -10.265
5 10 3 -16.6585
1 11 3 -15.5162
38 7 0 509.064
14 13 0 -16.9468
14 1 3 -17.4472
38 7 1 1008.54
14 13 1 -16.8061
38 7 2 365.4
14 13 2 -16.6536
38 7 3 336.039
14 13 3 -16.9534
14 1 0 -17.3124
31 1 2 -10.138
15 13 2 -16.6255
15 9 3 -17.1387
31 13 0 -8.00801
31 1 3 -9.51734
15 13 3 -16.7063
15 9 2 -17.0183
31 1 1 -9.78916
15 13 1 -16.892
31 13 3 -5.71619
31 1 0 -9.87935
15 13 0 -16.6392
31 10 2 259.19
31 14 3 -4.34857
15 14 0 -17.0849
19 5 1 -16.4295
31 10 0 217.616
19 21 3 -15.2064
15 14 2 -17.2223
3 17 1 -14.7357
15 15 1 -17.4539
31 15 3 -2.92707
15 15 0 -17.0922
15 15 2 -17.3488
31 15 0 -2.92819
15 15 3 -17.5254
16 15 2 -17.3483
18 15 3 -16.4502
34 15 2 -6.7343
38 14 2 1092.23
18 15 1 -16.3656
15 19 0 -14.6547
19 16 3 -16.645
3 16 0 -15.8751
28 14 2 72.4928
20 12 2 14.984
20 16 1 -16.7434
28 10 3 -21.1478
21 16 3 -16.5665
20 16 3 -16.9432
28 10 1 -20.235
20 16 0 -17.0228
36 20 0 181.417
28 14 1 73.1716
20 12 1 59.1078
20 16 2 -16.7083
31 18 3 -6.68665
23 16 3 5.9182
7 16 0 -15.7819
24 16 0 56.8816
32 18 2 -5.96541
24 16 1 -10.596
32 18 1 -5.79258
24 16 2 -8.80331
24 16 3 -1.13987
24 15 3 267.644
26 15 1 61.8993
26 15 3 59.1201
10 15 2 -16.0329
24 15 1 36.7799
4 22 0 -15.5403
24 17 0 7.29365
4 22 1 -15.3184
24 17 1 -16.3005
4 22 3 -15.074
24 17 3 -16.3981
24 5 2 -16.5068
4 22 2 -14.4131
24 17 2 -16.3545
24 5 3 -16.7705
25 17 0 -16.3044
25 17 1 -16.5126
25 17 2 -15.9774
25 5 3 -16.2686
25 17 3 -16.0362
25 5 2 -16.194
24 15 0 47.3499
24 15 2 76.6926
36 20 1 949.517
28 14 0 142.322
20 12 0 14.4893
28 14 3 344.264
20 12 3 173.68
27 14 3 310.906
25 13 3 -15.6891
25 1 0 -17.1989
37 18 1 1692.56
29 12 3 384.182
29 8 2 -16.5394
21 6 1 -16.51
30 16 2 -4.77984
22 14 1 0.619352
30 12 1 118.002
30 16 1 -4.00823
22 14 2 10.2481
30 12 2 114.762
30 8 3 -17.0154
34 7 3 278.092
6 14 3 -15.6081
22 14 3 89.6566
30 12 3 91.5586
30 8 2 -17.0374
34 7 2 -10.042
6 14 2 -16.109
22 14 0 19.5486
30 12 0 404.14
30 3 0 -11.5084
22 9 2 -16.5
30 11 2 194.358
22 13 3 197.831
22 1 0 -16.7869
22 9 1 -16.6724
30 11 1 91.7738
31 10 1 220.192
31 10 3 464.319
28 15 2 17.8106
28 15 1 -2.13808
24 14 1 250.055
23 14 1 38.5173
35 7 0 238.826
23 14 3 232.013
7 14 0 -15.9516
24 14 2 95.2044
22 13 1 23.6807
24 13 2 21.9992
24 13 3 6.1827
25 11 1 -13.7883
26 11 2 -14.6374
26 3 0 -17.3584
26 11 1 -15.2629
26 10 1 -14.9465
19 8 1 -16.9499
27 10 1 -16.8602
19 8 2 -16.8603
27 10 2 -16.19
19 12 3 166.703
3 12 0 -16.4241
28 10 2 -26.1795
28 10 0 -16.2831
36 7 0 242.827
28 9 0 -15.622
36 7 1 345.29
28 9 1 -18.8687
36 7 2 374.4
28 9 2 -16.7957
36 7 3 859.565
28 9 3 -16.1542
32 7 1 -10.2042
28 8 1 -16.4699
16 7 2 24.567
32 7 2 -10.3313
28 8 2 -16.1972
16 7 1 15.2042
32 7 0 -10.7179
28 8 0 -16.0717
28 6 3 -16.2863
24 7 3 -15.7292
28 6 1 -16.9039
24 7 1 -16.0632
28 6 0 -16.2159
24 7 0 -16.0376
28 6 2 -15.7872
24 7 2 -16.0009
28 5 2 -16.7318
28 5 0 -16.1727
28 5 1 -16.8249
28 5 3 -16.6875
27 5 2 -16.7571
7 18 0 -15.3453
3 19 0 -15.8238
27 5 0 -16.5876
7 18 2 -15.8111
3 19 2 -15.7849
27 5 1 -15.8708
27 5 3 -16.3473
27 4 0 -15.7511
19 2 1 -16.3398
19 10 1 -17.2543
27 4 2 -15.2121
26 4 0 -16.2608
25 3 1 -15.5646
25 3 3 -16.1823
26 3 1 -16.1794
27 6 2 -16.4768
27 6 3 -16.1546
32 7 3 -10.7513
28 8 3 -16.4923
37 18 2 1471.96
29 8 1 -17.2621
21 6 2 -17.8345
29 8 0 -17.5016
13 16 1 -14.1524
5 18 1 -15.9479
25 1 2 -16.9228
26 9 1 -15.2729
26 7 1 -15.8
30 6 1 -16.5301
26 7 0 -17.1535
30 6 0 -16.7339
24 13 0 21.5132
24 13 1 42.3952
24 14 0 27.4624
24 14 3 87.5602
17 12 0 12.21
21 13 0 22.0812
21 1 3 -17.0059
17 13 3 -0.56009
17 1 0 -17.65
21 8 2 -17.5375
21 12 3 72.5793
17 9 2 -1.85047
21 4 1 -16.2041
21 8 3 -17.3491
21 12 2 17.6984
17 9 3 5.91153
17 13 2 -0.299019
18 13 1 -0.918618
38 12 2 595.652
34 13 2 -5.72138
38 8 3 405.075
18 9 2 51.8231
34 9 1 136.464
18 13 3 23.4798
38 8 1 1041.73
38 4 2 -9.31171
21 12 0 71.8623
17 1 3 -17.5552
17 13 0 40.3544
21 12 1 178.286
21 4 3 -15.872
17 13 1 -1.44689
17 8 3 8.03911
17 12 2 65.8326
21 9 3 -16.6928
5 14 2 -15.5352
1 15 2 -15.6673
21 10 0 -16.4092
33 15 0 -6.95668
17 3 2 -17.0688
17 11 0 11.3041
5 14 0 -15.7616
1 15 0 -15.9264
21 10 2 -19.8671
33 15 2 -6.96307
17 3 0 -16.2501
17 11 2 -5.80159
16 11 3 4.03373
15 3 2 -17.6022
15 11 0 -17.1265
15 11 1 -17.4164
15 3 0 -17.6915
15 11 2 -17.5465
31 3 3 -10.8912
15 11 3 -10.9152
31 3 2 -10.9714
17 10 3 35.2785
37 15 3 1096.6
5 15 2 -15.7198
1 14 2 -15.0284
21 3 2 -16.3546
17 10 0 -0.00017786
37 15 0 27.9279
17 10 1 123.922
37 15 1 62.0602
5 15 0 -15.5254
1 14 0 -15.474
21 3 0 -17.0145
17 10 2 30.7877
37 15 2 -4.45045
5 16 1 -16.058
17 1 2 -17.6847
17 9 0 39.8054
21 8 0 -17.1303
5 16 0 -15.3384
21 4 2 -15.8215
17 9 1 124.053
21 8 1 -17.1313
18 9 1 -11.2969
34 9 2 100.84
17 11 1 126.131
17 11 3 8.21539
17 4 3 -16.6161
17 12 1 1.12505
1 16 1 -15.3744
17 8 0 23.5086
9 18 1 -13.7417
21 9 0 -17.1207
21 1 2 -16.5475
1 16 0 -15.7874
17 4 2 -16.8471
17 8 1 118.18
9 18 0 -13.72
21 9 1 -17.4237
17 7 0 19.78
17 7 1 105.748
17 7 2 37.8802
17 7 3 -5.30121
16 7 3 92.1699
16 7 0 51.1198
15 8 0 -3.8335
11 21 3 -14.5756
15 8 3 -12.7136
11 21 0 -14.2498
15 9 1 -16.6638
35 22 0 2.56818
15 9 0 -12.5491
35 22 1 -2.18548
14 1 1 -17.1501
14 1 2 -17.1343
14 2 1 -16.2649
14 2 2 -17.6105
14 3 1 -17.6227
15 3 1 -17.2289
15 3 3 -16.7375
31 3 0 -11.0114
16 1 3 -17.8805
5 14 1 -15.4659
1 15 1 -15.167
17 3 1 -15.8525
17 5 0 -16.9369
17 5 1 -16.5392
17 5 2 -16.4348
17 5 3 -15.6667
1 16 2 -15.3158
17 4 0 -17.3455
9 18 2 -14.1514
21 1 1 -17.1458
5 14 3 -15.9491
1 15 3 -15.7365
17 3 3 -16.1847
18 5 0 -16.2958
5 16 2 -15.7646
17 1 1 -18.2721
21 4 0 -15.8505
3 17 0 -15.3241
19 5 2 -16.6466
21 5 1 -16.8599
21 5 2 -16.8527
21 5 0 -15.9649
21 5 3 -15.9603
19 3 2 -16.4414
27 1 2 -11.3745
19 3 1 -17.3836
27 1 1 -11.2411
3 10 3 -15.5644
19 10 0 -16.7097
19 2 2 -16.713
11 15 1 -16.023
3 13 1 -15.9725
19 1 1 -16.3522
11 15 2 -15.9666
3 13 2 -16.1623
19 1 2 -17.2803
19 9 0 -16.8063
22 1 1 -16.7464
23 1 1 -15.6443
23 2 1 -15.7851
23 3 0 -16.591
23 11 2 -17.1339
23 3 1 -16.0702
23 3 2 -16.6908
23 11 0 -17.1522
23 3 3 -16.131
23 2 0 -16.0376
24 3 1 -15.9127
24 3 2 -15.7917
24 11 0 -16.4182
24 3 0 -16.0366
24 11 2 -16.1686
24 3 3 -15.5451
9 14 2 -15.8365
25 2 2 -16.5885
13 15 2 -15.4457
29 3 2 -10.864
9 14 3 -16.0636
25 2 3 -17.0096
13 15 3 -15.8394
29 3 3 -11.0036
9 14 0 -16.379
25 2 0 -16.2726
13 15 0 -14.9119
29 3 0 -10.7387
21 6 0 -16.8456
37 18 0 1203.69
25 1 1 -17.1997
5 18 2 -16.3779
13 16 2 -15.0517
9 14 1 -16.1784
25 2 1 -16.6114
13 15 1 -15.0667
29 3 1 -10.725
9 16 2 -15.8497
1 18 2 -15.2335
25 4 0 -15.9458
33 18 0 -7.27759
9 16 0 -15.9768
1 18 0 -14.8647
25 4 2 -16.0593
33 18 2 -6.51326
25 5 0 -15.9797
25 5 1 -16.529
24 5 1 -16.3438
23 6 1 -15.6335
11 21 2 -14.544
19 7 1 -17.2576
31 4 1 -11.2123
23 6 2 -16.8931
11 21 1 -14.6214
19 7 2 -18.4122
31 4 2 -11.8952
22 6 2 -17.2556
22 6 0 -17.2753
22 6 1 -17.1631
22 6 3 -16.6919
23 7 1 -16.4633
23 7 2 -16.8428
24 5 0 -16.0044
5 15 1 -15.2826
1 14 1 -14.7852
21 3 1 -16.5373
5 15 3 -15.4181
1 14 3 -15.2766
21 3 3 -17.1395
25 7 3 -16.163
25 7 0 -16.9202
9 19 2 -14.35
25 7 1 -15.6074
25 7 2 -16.3185
9 19 0 -14.0509
30 7 0 -17.0418
38 9 0 364.865
26 6 0 -16.8898
38 1 2 -11.1909
6 14 1 -16.1251
34 7 1 53.786
30 8 1 -17.1479
6 14 0 -16.1413
34 7 0 118.526
30 8 0 -16.8941
27 6 0 -16.4045
27 6 1 -15.727
29 5 0 -16.6767
29 5 1 -17.4102
29 5 2 -16.7019
29 5 3 -16.9159
18 15 0 -16.0237
30 20 2 -4.53741
3 10 1 -16.3365
2 10 1 -15.5687
38 11 3 670.196
2 10 3 -15.2736
38 11 1 1170.01
2 10 0 -15.5582
2 10 2 -15.4354
2 12 0 -16.4704
38 1 1 -11.4555
2 14 2 -14.9922
14 21 0 -15.0896
2 14 0 -15.9966
14 21 2 -14.3167
1 16 3 -15.1849
9 18 3 -13.9706
1 17 1 -14.992
5 20 0 -15.5148
1 17 0 -15.2921
5 20 1 -15.6946
33 17 2 -6.90081
9 16 1 -15.7255
1 18 1 -14.8931
9 16 3 -16.0174
1 18 3 -15.2691
10 16 0 -15.7867
2 18 0 -16.1978
10 16 2 -15.6873
2 18 2 -15.4697
10 16 3 -16.169
2 18 3 -15.1924
10 16 1 -16.1301
2 18 1 -16.4386
3 18 2 -15.654
3 18 3 -15.413
3 18 0 -15.457
3 18 1 -15.6246
3 19 1 -15.3629
7 18 1 -15.6378
4 16 3 -15.9644
4 16 0 -15.6355
4 16 1 -15.4888
4 16 2 -15.778
5 16 3 -15.2819
3 16 1 -15.6692
15 19 1 -14.6935
3 16 2 -15.4559
15 19 2 -14.7847
7 14 1 -16.078
35 7 1 468.664
12 15 3 -16.1175
8 14 3 -15.7104
12 15 0 -16.3938
8 14 0 -16.2728
28 19 2 -5.07762
12 15 1 -16.1408
8 14 1 -16.1025
12 15 2 -16.271
8 14 2 -16.3077
28 19 0 -5.00781
7 14 2 -15.7395
35 7 2 167.911
10 14 0 -15.8186
10 14 1 -15.5887
3 19 3 -15.8641
7 18 3 -16.2172
10 15 0 -15.9484
30 22 3 -3.01236
10 15 1 -15.9554
8 16 3 -16.2186
28 21 3 -4.5233
8 16 1 -15.7875
28 21 1 -4.58863
8 16 0 -16.1928
28 21 0 -4.78965
8 16 2 -16.1137
28 21 2 -4.79422
7 16 2 -16.2061
7 16 1 -15.9184
7 17 0 -15.2928
7 17 1 -16.0856
7 17 2 -15.6234
7 17 3 -16.0032
6 18 0 -16.2548
6 18 3 -15.7349
6 18 2 -16.2802
5 18 3 -15.5844
13 16 3 -14.4321
6 18 1 -16.0661
5 18 0 -15.8867
13 16 0 -14.7528
5 19 1 -15.9191
5 19 0 -15.4393
5 19 2 -15.9276
5 19 3 -16.0843
5 20 2 -17.1047
33 17 1 -6.7392
5 20 3 -15.2978
4 20 1 -20.2468
16 17 1 -14.895
32 17 2 -6.86614
4 20 3 -15.7554
16 17 3 -14.7807
4 20 0 -29.4872
16 17 0 -14.8172
4 20 2 -15.3521
16 17 2 -15.2843
32 17 1 -6.461
3 20 3 -15.7531
3 20 1 -15.5569
3 20 2 -15.2862
2 20 3 -15.0304
38 17 0 958.452
30 15 0 -4.58442
2 20 2 -15.3797
1 20 2 -15.3971
33 20 0 -2.98423
1 20 1 -15.4657
37 5 3 -9.76036
1 21 2 -14.8307
37 20 0 1381.71
1 21 3 -15.3097
33 5 1 -9.62035
1 21 0 -14.6247
37 20 2 1507.78
1 21 1 -14.9988
33 5 3 -10.3356
1 20 0 -15.3884
33 20 2 -3.14366
1 22 3 -14.3951
9 20 3 -14.2048
1 22 2 -14.3778
9 20 2 -44.3211
33 22 0 -2.31986
1 22 0 -14.7689
13 17 1 -14.658
9 20 0 -14.214
33 22 2 -3.08062
1 22 1 -14.1838
13 17 0 -14.7802
9 20 1 -14.3699
2 22 0 -13.9277
10 20 0 -14.3573
2 22 1 -14.2192
10 20 1 -14.4077
34 22 3 -2.30686
2 22 2 -13.8584
18 22 3 -15.0455
10 20 2 -14.3869
26 20 3 -4.91526
2 22 3 -14.2603
18 22 2 -14.1908
10 20 3 -14.2567
26 20 2 -4.51563
34 22 1 -2.2418
3 22 0 -14.531
3 22 1 -14.7275
3 22 2 -14.1255
3 22 3 -15.0487
5 22 1 -15.348
5 22 0 -15.411
5 22 2 -15.3555
5 22 3 -15.4652
7 22 1 -15.1731
15 20 1 -14.7022
7 22 2 -15.2672
15 20 2 -15.355
6 22 1 -15.5305
1 20 3 -15.7636
37 5 1 139.07
2 20 0 -16.153
38 17 3 1301.63
30 15 3 -3.09367
2 20 1 -15.5486
3 20 0 -14.9975
13 17 2 -13.9264
33 22 1 -2.80575
13 17 3 -14.3069
12 17 0 -13.5828
12 17 2 -14.1169
12 17 3 -14.5321
14 17 1 -14.2387
14 17 0 -14.7285
14 17 2 -13.7049
14 17 3 -14.079
12 17 1 -13.394
12 18 1 -13.7829
28 22 1 -3.94724
12 19 3 -14.0611
24 22 3 -3.11103
12 19 0 -14.3831
24 22 0 -17.3285
12 19 1 -14.0429
24 22 1 -6.90997
32 20 2 -4.84753
12 19 2 -13.9054
24 22 2 -2.64057
32 20 1 -4.22867
12 18 0 -14.0501
28 22 0 -5.10347
12 18 2 -13.7997
28 22 2 -5.77238
12 18 3 -14.0294
28 22 3 -4.34655
13 19 0 -14.5537
13 19 2 -14.4048
11 18 0 -14.1548
11 18 1 -14.3217
35 16 3 -6.50415
11 18 2 -14.2855
11 18 3 -13.9817
35 16 1 -6.81845
10 18 1 -13.618
14 19 1 -14.8581
10 18 2 -14.323
14 19 2 -14.4382
9 19 1 -14.4403
10 18 0 -13.7375
14 19 0 -14.8154
10 18 3 -13.9662
14 19 3 -14.8116
13 19 1 -14.4694
13 19 3 -14.6753
15 20 0 -14.7667
7 22 0 -14.7755
31 20 3 -4.34819
23 22 3 -6.30894
15 20 3 -15.432
7 22 3 -15.0639
31 20 0 -4.92017
23 22 0 -2.89262
15 17 2 -14.3348
15 17 0 -15.2706
15 17 3 -14.9906
15 17 1 -14.6872
17 17 3 -14.5861
17 17 2 -14.3133
17 17 0 -14.6091
17 17 1 -14.9446
17 19 1 -14.8086
33 7 1 -10.1189
17 19 3 -15.3907
33 7 3 116.166
17 18 3 -15.5936
33 6 3 -10.1732
17 20 0 -14.2788
25 22 0 -3.12078
17 20 1 -14.8183
25 22 1 -2.95123
17 20 2 -15.0177
25 22 2 -3.71048
17 20 3 -14.7824
25 22 3 -3.01515
17 21 0 -14.824
29 22 0 -4.34622
17 21 1 -15.0674
29 22 1 -4.04495
17 21 2 -15.2296
29 22 2 -4.33675
17 21 3 -15.0643
29 22 3 -4.24437
17 22 1 -14.3292
25 20 1 -3.93347
17 22 0 -14.2388
25 20 0 -3.58892
17 22 2 -14.6428
25 20 2 -3.8057
17 22 3 -14.5153
25 20 3 -4.2433
18 22 0 -15.2219
26 20 0 -3.62776
18 22 1 -14.699
26 20 1 -3.80501
34 22 2 -2.59198
16 22 0 -15.2083
24 20 0 -5.08385
16 22 1 -14.8784
24 20 1 -4.35535
32 22 2 -3.26466
16 22 2 -14.8823
24 20 2 -5.29728
32 22 1 -4.71521
16 22 3 -15.2148
24 20 3 -4.02746
15 22 3 -15.3553
7 20 3 -15.879
31 22 0 -2.81612
15 22 0 -15.0269
35 9 1 410.312
7 20 0 -15.2151
31 22 3 -2.96374
15 22 1 -15.2602
35 9 0 768.847
7 20 1 -14.9793
15 22 2 -14.9293
7 20 2 -15.6026
14 22 3 -14.9649
14 22 1 -14.9531
14 22 0 -14.5598
14 22 2 -15.7561
14 21 1 -14.7417
14 21 3 -15.1982
13 21 1 -14.3486
13 21 3 -14.1126
13 21 0 -15.5065
13 21 2 -14.5608
12 21 2 -14.5456
36 19 1 825.793
12 21 0 -15.0141
12 21 1 -14.6931
36 19 2 378.3
12 21 3 -14.4724
10 21 1 -14.7612
10 21 3 -14.5679
10 21 0 -14.0841
10 21 2 -14.0287
9 19 3 -14.5747
19 21 0 -15.2403
31 14 2 -3.7149
19 9 1 -17.1124
19 9 3 -16.6845
20 10 1 -30.4387
20 10 2 -18.6898
21 13 1 56.7873
21 13 2 32.5023
23 11 1 -16.8578
23 11 3 -16.308
24 11 1 -16.196
24 11 3 -15.246
24 10 0 -16.242
24 10 1 -15.5694
24 10 2 -16.3425
24 10 3 -16.4003
24 9 3 -16.5444
20 22 0 -2.98262
24 9 1 -16.2073
24 9 2 -16.3268
24 9 0 -16.4218
20 22 3 -3.3847
20 10 0 -27.8668
20 10 3 -16.3358
21 10 3 -16.2427
33 15 3 -6.53825
21 10 1 -17.2499
33 15 1 -7.14814
23 9 2 -16.8018
23 9 1 -16.2582
35 20 3 179.048
28 16 0 43.9338
28 16 1 -15.6331
28 17 1 -15.2481
36 15 1 -0.689916
28 17 3 -15.4093
36 15 3 214.285
28 17 2 -15.6996
36 15 2 -6.20673
28 17 0 -14.7386
36 15 0 25.0551
28 16 2 -16.126
28 16 3 -2.48393
34 11 1 277.396
38 10 1 1126.11
34 11 2 129.344
38 10 2 723.852
34 11 0 121.61
38 10 0 418.891
34 11 3 588.76
38 10 3 642.036
35 11 2 162.569
35 3 0 -9.77365
35 11 3 612.842
35 11 1 370.623
35 11 0 411.555
35 3 2 -10.0594
35 9 2 165.067
35 9 3 231.916
31 22 1 -3.55511
35 8 2 391.807
35 8 3 483.702
35 8 0 807.553
7 21 1 -14.8154
35 8 1 283.109
7 21 0 -15.4832
34 9 0 127.664
34 9 3 202.162
33 9 0 -11.9954
33 9 3 165.732
33 4 3 -10.3349
33 2 0 -10.4211
37 3 0 -10.3977
33 2 1 -10.5706
37 3 1 -10.0235
33 2 2 -11.0493
37 3 2 -10.3329
33 2 3 -10.0812
37 3 3 -10.3475
34 1 0 -10.1822
38 12 3 421.682
34 13 3 -5.92095
38 4 1 -9.89864
38 8 2 533.277
34 1 2 -9.84718
38 8 0 334.349
30 1 0 -10.7019
30 1 1 -10.1132
30 1 2 -10.3282
30 1 3 -10.61
31 3 1 -11.4218
31 5 2 -11.8069
30 3 1 -11.7524
30 3 3 -10.8785
28 2 2 -10.612
28 2 0 -10.2141
28 2 1 -11.3687
28 2 3 -10.4928
28 1 0 -10.6676
28 1 1 -10.3026
28 1 2 -10.2389
28 1 3 -10.6074
37 7 2 318.912
37 7 1 299.783
37 7 3 861.293
38 11 0 763.523
38 3 2 -9.64808
38 11 2 783.897
38 3 0 -10.1635
38 14 3 1029.11
34 15 3 -6.0209
38 14 0 819.293
34 15 0 -6.18894
30 20 1 -3.81332
38 16 2 1188.77
38 16 0 849.763
38 16 1 1474.27
38 16 3 1097.41
38 17 1 1004.41
30 15 1 -3.26567
38 17 2 1546.25
30 15 2 -4.42386
37 17 1 1618.72
37 17 2 1182.14
35 15 0 -6.37639
35 15 1 -6.48887
35 16 2 -7.16051
35 17 3 -6.88365
35 17 1 -6.73342
35 17 0 -6.65155
35 16 0 -6.05379
35 15 2 -5.92571
35 15 3 40.1297
33 13 1 -6.11305
32 13 1 -5.86282
35 13 1 -6.04941
35 13 0 -5.90974
35 13 2 -5.71815
35 13 3 -6.00119
36 13 1 -5.3936
36 13 2 -4.18691
32 13 2 -7.71775
31 13 1 -7.29388
31 13 2 -10.6095
8 22 3 -15.3586
8 22 2 -15.3286
8 22 0 -15.2239
7 21 2 -14.9436
7 21 3 -15.1088
8 22 1 -15.751
37 7 0 272.606
37 6 0 43.9221
37 6 1 344.876
37 6 2 177.798
37 6 3 63.8566
37 5 2 42.3664
38 5 1 -10.4598
38 5 2 24.8196
38 3 3 -9.7297
38 3 1 -9.49509
37 5 0 -10.1625
37 1 3 -10.7516
37 1 1 -11.915
37 1 2 -11.0244
37 1 0 -10.6515
35 3 1 -9.88621
35 3 3 -9.5752
35 17 2 -6.8972
34 17 0 -7.3988
38 20 1 1919.75
34 17 3 -6.7212
33 17 3 -7.2916
32 17 0 -7.64416
32 17 3 -7.26529
32 18 3 -7.27014
32 18 0 -6.47719
30 18 1 -4.50009
30 18 0 -5.10802
30 16 3 -4.81727
30 16 0 -3.4935
30 18 3 -5.96651
30 18 2 -4.88849
30 19 2 -4.01798
30 19 3 -4.06976
30 19 1 -4.27332
30 19 0 -3.95913
30 20 3 -4.53658
31 20 1 -4.3167
23 22 1 -2.85218
31 20 2 -3.80787
23 22 2 -3.68365
29 19 1 -5.41404
29 19 0 -3.79566
29 19 2 -4.2254
29 19 3 -4.53214
28 19 1 -4.56577
28 19 3 -4.32807
28 20 2 -5.44436
27 20 0 -5.34492
27 20 1 -5.14309
27 20 2 -4.51489
27 20 3 -5.17943
26 19 1 -2.31673
26 19 0 -3.79934
26 19 2 -3.28343
26 19 3 -3.17865
28 20 3 -5.16908
28 20 0 -4.83808
28 20 1 -5.43265
25 21 2 -2.74095
21 22 2 -3.06098
25 21 0 -4.23927
21 22 0 -4.10205
25 21 1 -3.44899
21 22 1 -3.36433
25 21 3 -2.98958
21 22 3 -4.10192
22 22 3 -3.47897
22 22 2 -3.85635
22 22 0 -4.30718
22 22 1 -4.4018
20 22 1 -3.74291
20 22 2 -2.64941
27 22 0 -6.98964
27 22 3 -4.29778
27 22 2 -7.67937
27 22 1 -12.0116
30 22 1 -3.82242
31 22 2 -2.87574
32 22 0 -3.70295
32 22 3 -2.07347
33 22 3 -2.67113
34 22 0 -2.35085
35 22 2 -1.96929
35 22 3 -3.2123
37 19 2 1215.82
35 19 1 -0.865987
35 19 0 -1.71813
35 20 2 82.5038
36 20 2 41.8036
37 19 0 1359.67
37 19 1 1767.03
37 19 3 1583.53
38 20 3 1807.54
38 22 1 0
32 20 3 -3.31214
32 20 0 -3.43781
33 20 1 -2.835
33 20 3 -3.4717
31 15 2 -3.76075
31 15 1 -3.31674
35 21 3 14.8447
36 20 3 1708.77
38 21 3 1911.47
38 21 0 1826.41
38 22 3 0
